4 0.087109375 0.2555555555555556 0.039843750000000004 0.11388888888888889
1 0.690625 0.7305555555555556 0.0578125 0.18333333333333335
2 0.42695312500000004 0.675 0.06328125 0.18055555555555555
1 0.6039062500000001 0.7125 0.060937500000000006 0.18611111111111112
2 0.339453125 0.6597222222222222 0.06328125 0.17777777777777778
2 0.515234375 0.6951388888888889 0.06171875 0.17916666666666667
2 0.168359375 0.6243055555555556 0.06171875 0.1736111111111111
2 0.25390625 0.6409722222222223 0.0625 0.1763888888888889
4 0.42304687500000004 0.3159722222222222 0.06171875 0.11527777777777778
4 0.51015625 0.33333333333333337 0.0625 0.11388888888888889
4 0.2484375 0.28611111111111115 0.060937500000000006 0.11388888888888889
4 0.334765625 0.3041666666666667 0.06171875 0.11666666666666667
4 0.164453125 0.26805555555555555 0.05859375 0.11111111111111112
3 0.59765625 0.35000000000000003 0.065625 0.11944444444444445
3 0.6828125 0.3666666666666667 0.05625 0.11666666666666667
