2 0.22187500000000002 0.5840277777777778 0.06406250000000001 0.1736111111111111
2 0.3984375 0.6097222222222223 0.065625 0.18333333333333335
2 0.31093750000000003 0.5965277777777778 0.06406250000000001 0.1736111111111111
2 0.5789062500000001 0.6340277777777779 0.0625 0.1763888888888889
1 0.758984375 0.6590277777777778 0.06171875 0.18194444444444446
2 0.48867187500000003 0.6215277777777778 0.06328125 0.1763888888888889
1 0.6687500000000001 0.6486111111111111 0.060937500000000006 0.17222222222222222
4 0.5730468750000001 0.28125 0.06171875 0.11527777777777778
4 0.48281250000000003 0.26944444444444443 0.060937500000000006 0.11388888888888889
4 0.394140625 0.2576388888888889 0.06015625 0.1125
4 0.21601562500000002 0.23402777777777778 0.06171875 0.11527777777777778
4 0.30546875 0.2451388888888889 0.060937500000000006 0.1125
3 0.6625000000000001 0.2916666666666667 0.06406250000000001 0.11944444444444445
3 0.753125 0.3041666666666667 0.06406250000000001 0.11944444444444445
