4 0.1 0.4625 0.029687500000000002 0.09166666666666667
2 0.56171875 0.7722222222222223 0.043750000000000004 0.13611111111111113
2 0.1609375 0.7472222222222222 0.0484375 0.13611111111111113
2 0.359375 0.7611111111111112 0.05 0.14722222222222223
2 0.4265625 0.7666666666666667 0.0484375 0.14166666666666666
2 0.494921875 0.76875 0.049218750000000006 0.14027777777777778
1 0.22617187500000002 0.7527777777777778 0.049218750000000006 0.14722222222222223
1 0.2921875 0.7583333333333334 0.05 0.14722222222222223
4 0.15976562500000002 0.46111111111111114 0.04609375 0.08888888888888889
4 0.558203125 0.48125 0.04453125 0.08472222222222223
4 0.49140625000000004 0.47708333333333336 0.046875 0.08750000000000001
4 0.35625 0.4708333333333333 0.045312500000000006 0.08888888888888889
4 0.4234375 0.4743055555555556 0.045312500000000006 0.08750000000000001
3 0.22382812500000002 0.46319444444444446 0.049218750000000006 0.09305555555555556
3 0.290625 0.4673611111111111 0.0484375 0.09583333333333334
