2 0.47421875 0.6805555555555556 0.07187500000000001 0.18611111111111112
1 0.091015625 0.638888888888889 0.06484375 0.18611111111111112
1 0.18476562500000002 0.6506944444444445 0.06640625 0.1902777777777778
2 0.378515625 0.6680555555555556 0.06796875000000001 0.18888888888888888
3 0.27382812500000003 0.27708333333333335 0.06796875000000001 0.12361111111111112
1 0.28125 0.6590277777777778 0.065625 0.1875
4 0.37148437500000003 0.2881944444444445 0.06640625 0.12638888888888888
4 0.46875 0.2951388888888889 0.0671875 0.12361111111111112
3 0.08515625 0.25972222222222224 0.0671875 0.1277777777777778
3 0.18085937500000002 0.26944444444444443 0.06640625 0.125
