4 0.1015625 0.4625 0.029687500000000002 0.09444444444444444
2 0.5625 0.7729166666666667 0.045312500000000006 0.14027777777777778
2 0.16132812500000002 0.7479166666666667 0.049218750000000006 0.14583333333333334
2 0.36015625 0.7611111111111112 0.05 0.14722222222222223
2 0.42734375 0.7652777777777778 0.05 0.1388888888888889
2 0.49609375 0.7680555555555556 0.05 0.14166666666666666
1 0.226953125 0.7527777777777778 0.049218750000000006 0.14722222222222223
1 0.29335937500000003 0.7569444444444444 0.049218750000000006 0.14444444444444446
4 0.160546875 0.4604166666666667 0.04609375 0.08750000000000001
4 0.558984375 0.48055555555555557 0.04453125 0.08611111111111111
4 0.49296875 0.4763888888888889 0.046875 0.08888888888888889
4 0.357421875 0.4708333333333333 0.04609375 0.08888888888888889
4 0.42421875000000003 0.4729166666666667 0.045312500000000006 0.08750000000000001
3 0.225 0.46319444444444446 0.0484375 0.09305555555555556
3 0.29140625000000003 0.46597222222222223 0.0484375 0.09583333333333334
