2 0.57421875 0.6347222222222223 0.0625 0.17777777777777778
2 0.2171875 0.5854166666666667 0.06406250000000001 0.1763888888888889
2 0.39375000000000004 0.6097222222222223 0.06406250000000001 0.17777777777777778
2 0.484375 0.6229166666666667 0.06406250000000001 0.17916666666666667
2 0.30546875 0.5979166666666667 0.0625 0.1736111111111111
1 0.6640625 0.6493055555555556 0.060937500000000006 0.17916666666666667
1 0.75390625 0.6604166666666667 0.0625 0.18194444444444446
4 0.56796875 0.2826388888888889 0.0625 0.1125
4 0.478125 0.27083333333333337 0.060937500000000006 0.11111111111111112
4 0.21210937500000002 0.23611111111111113 0.06015625 0.11666666666666667
4 0.38906250000000003 0.25972222222222224 0.060937500000000006 0.11111111111111112
4 0.30078125 0.24791666666666667 0.060937500000000006 0.1125
3 0.74765625 0.3055555555555556 0.06406250000000001 0.11944444444444445
3 0.6578125 0.29375 0.065625 0.11805555555555557
