2 0.8617187500000001 0.6104166666666667 0.0671875 0.2013888888888889
2 0.28359375000000003 0.5916666666666667 0.06875 0.19166666666666668
2 0.76484375 0.6062500000000001 0.0671875 0.19583333333333333
1 0.37812500000000004 0.59375 0.0671875 0.2013888888888889
2 0.6671875 0.6013888888888889 0.0671875 0.19444444444444445
2 0.570703125 0.6 0.06796875000000001 0.19166666666666668
1 0.47304687500000003 0.5972222222222222 0.06796875000000001 0.19444444444444445
4 0.662109375 0.20486111111111113 0.06484375 0.12638888888888888
4 0.565625 0.20277777777777778 0.0671875 0.125
4 0.85546875 0.2076388888888889 0.065625 0.12916666666666668
4 0.7585937500000001 0.20625000000000002 0.065625 0.12638888888888888
3 0.46992187500000004 0.19930555555555557 0.06796875000000001 0.13194444444444445
4 0.28046875 0.19305555555555556 0.065625 0.1277777777777778
3 0.374609375 0.19652777777777777 0.06796875000000001 0.13472222222222222
