2 0.22187500000000002 0.5847222222222223 0.06406250000000001 0.17777777777777778
2 0.39921875 0.6111111111111112 0.065625 0.18055555555555555
2 0.31093750000000003 0.5986111111111111 0.06406250000000001 0.17222222222222222
2 0.579296875 0.6361111111111112 0.06171875 0.17500000000000002
2 0.4890625 0.6243055555555556 0.06406250000000001 0.1763888888888889
1 0.758984375 0.6597222222222222 0.06171875 0.17777777777777778
1 0.6687500000000001 0.6506944444444445 0.060937500000000006 0.1736111111111111
4 0.5730468750000001 0.2826388888888889 0.06171875 0.11527777777777778
4 0.394140625 0.25972222222222224 0.06015625 0.11111111111111112
4 0.483203125 0.27222222222222225 0.06171875 0.11388888888888889
4 0.216796875 0.23611111111111113 0.06171875 0.11388888888888889
4 0.30585937500000004 0.24791666666666667 0.06171875 0.1125
3 0.753515625 0.3055555555555556 0.06328125 0.11944444444444445
3 0.6628906250000001 0.29375 0.06484375 0.11805555555555557
