2 0.24921875000000002 0.625 0.0671875 0.18611111111111112
2 0.821875 0.6423611111111112 0.0671875 0.19305555555555556
1 0.43593750000000003 0.6326388888888889 0.0671875 0.19305555555555556
2 0.62890625 0.6354166666666667 0.065625 0.19305555555555556
2 0.7253906250000001 0.638888888888889 0.06640625 0.19444444444444445
2 0.5328125 0.6340277777777779 0.0671875 0.19305555555555556
1 0.34218750000000003 0.6284722222222222 0.06406250000000001 0.19305555555555556
4 0.623046875 0.24166666666666667 0.06484375 0.125
4 0.52734375 0.24027777777777778 0.065625 0.12222222222222223
4 0.71875 0.24305555555555555 0.06406250000000001 0.1277777777777778
4 0.24570312500000002 0.23125 0.06328125 0.12361111111111112
3 0.43281250000000004 0.23680555555555557 0.0671875 0.12916666666666668
4 0.8140625 0.2451388888888889 0.06406250000000001 0.12638888888888888
3 0.33906250000000004 0.23402777777777778 0.0671875 0.12916666666666668
