2 0.5281250000000001 0.65625 0.08281250000000001 0.2569444444444445
1 0.040234375 0.5743055555555556 0.08203125 0.24861111111111112
2 0.40664062500000003 0.6361111111111112 0.08828125 0.25277777777777777
1 0.15859375 0.5972222222222222 0.0859375 0.25
1 0.280859375 0.6166666666666667 0.08671875000000001 0.25277777777777777
3 0.037500000000000006 0.075 0.0765625 0.15
4 0.39960937500000004 0.12361111111111112 0.08515625 0.16666666666666669
4 0.52265625 0.14097222222222222 0.08125 0.16805555555555557
3 0.275 0.10416666666666667 0.0859375 0.16666666666666669
3 0.153125 0.08680555555555555 0.0859375 0.1625
