2 0.57265625 0.6340277777777779 0.0625 0.1763888888888889
2 0.215234375 0.5840277777777778 0.06484375 0.1763888888888889
2 0.39179687500000004 0.6083333333333334 0.06484375 0.17500000000000002
2 0.303515625 0.5958333333333333 0.06328125 0.17222222222222222
1 0.6625000000000001 0.6486111111111111 0.060937500000000006 0.17777777777777778
2 0.48281250000000003 0.6222222222222222 0.06406250000000001 0.17500000000000002
1 0.7523437500000001 0.6597222222222222 0.060937500000000006 0.18055555555555555
4 0.56640625 0.28194444444444444 0.0625 0.11388888888888889
4 0.4765625 0.2701388888888889 0.060937500000000006 0.10972222222222222
4 0.298828125 0.24722222222222223 0.06015625 0.11388888888888889
4 0.3875 0.25833333333333336 0.060937500000000006 0.11111111111111112
4 0.21015625000000002 0.23541666666666666 0.060937500000000006 0.11527777777777778
3 0.7468750000000001 0.3041666666666667 0.06406250000000001 0.11944444444444445
3 0.65625 0.2923611111111111 0.06406250000000001 0.11805555555555557
