2 0.24765625000000002 0.6305555555555555 0.0671875 0.18611111111111112
2 0.724609375 0.6430555555555556 0.06640625 0.19444444444444445
2 0.8203125 0.6479166666666667 0.0671875 0.19305555555555556
2 0.6277343750000001 0.638888888888889 0.06640625 0.19166666666666668
1 0.340625 0.6340277777777779 0.065625 0.1902777777777778
1 0.435546875 0.6381944444444445 0.06796875000000001 0.19305555555555556
2 0.53125 0.6381944444444445 0.0671875 0.19583333333333333
4 0.622265625 0.2465277777777778 0.06484375 0.12361111111111112
4 0.5265625 0.2451388888888889 0.065625 0.12083333333333333
4 0.7171875000000001 0.24791666666666667 0.06406250000000001 0.12361111111111112
3 0.43125 0.24166666666666667 0.0671875 0.13055555555555556
4 0.244140625 0.23680555555555557 0.06328125 0.12361111111111112
4 0.8128906250000001 0.25 0.06484375 0.1277777777777778
3 0.3375 0.23958333333333334 0.0671875 0.12916666666666668
