4 0.1 0.4638888888888889 0.029687500000000002 0.09166666666666667
2 0.5613281250000001 0.7736111111111111 0.04453125 0.13611111111111113
2 0.1609375 0.7479166666666667 0.0484375 0.13472222222222222
2 0.358984375 0.7611111111111112 0.049218750000000006 0.14722222222222223
2 0.49453125000000003 0.7694444444444445 0.05 0.14166666666666666
2 0.4265625 0.7666666666666667 0.0484375 0.14166666666666666
1 0.22617187500000002 0.7541666666666667 0.049218750000000006 0.14722222222222223
1 0.2921875 0.7583333333333334 0.05 0.14722222222222223
4 0.15976562500000002 0.4618055555555556 0.04609375 0.08750000000000001
4 0.5578125 0.48125 0.045312500000000006 0.08472222222222223
4 0.49140625000000004 0.47847222222222224 0.046875 0.08750000000000001
4 0.35625 0.4708333333333333 0.045312500000000006 0.08888888888888889
4 0.4234375 0.47500000000000003 0.045312500000000006 0.08611111111111111
3 0.2234375 0.46458333333333335 0.0484375 0.09305555555555556
3 0.290234375 0.4673611111111111 0.049218750000000006 0.09583333333333334
