2 0.9322916666666666 0.6875 0.08541666666666667 0.27685185185185185
2 0.1609375 0.3925925925925926 0.04479166666666667 0.23703703703703705
2 0.24010416666666667 0.4240740740740741 0.096875 0.2555555555555556
2 0.3338541666666667 0.4615740740740741 0.07604166666666666 0.2564814814814815
2 0.3989583333333333 0.48703703703703705 0.04375 0.25
2 0.48072916666666665 0.5180555555555556 0.10729166666666666 0.2675925925925926
2 0.58125 0.5541666666666667 0.07291666666666667 0.2564814814814815
2 0.6473958333333333 0.5847222222222223 0.046875 0.25092592592592594
2 0.7328125 0.6171296296296297 0.11354166666666667 0.2712962962962963
2 0.840625 0.6615740740740741 0.08333333333333333 0.26203703703703707
