1 0.55390625 0.6805555555555556 0.06875 0.20833333333333334
2 0.455078125 0.6687500000000001 0.07421875 0.2125
1 0.353515625 0.6583333333333333 0.07265625 0.2138888888888889
1 0.055468750000000004 0.625 0.07187500000000001 0.20833333333333334
1 0.253125 0.6486111111111111 0.0734375 0.2111111111111111
1 0.15390625000000002 0.6375000000000001 0.07187500000000001 0.2111111111111111
4 0.45 0.23750000000000002 0.0703125 0.1388888888888889
3 0.051562500000000004 0.19722222222222224 0.0703125 0.14166666666666666
3 0.25078125 0.21597222222222223 0.06875 0.1375
3 0.150390625 0.20625000000000002 0.06953125 0.1375
3 0.55 0.2465277777777778 0.0703125 0.14027777777777778
3 0.34882812500000004 0.2263888888888889 0.07109375 0.1388888888888889
