4 0.15195312500000002 0.23194444444444445 0.05390625 0.16111111111111112
2 0.622265625 0.7569444444444444 0.08046875 0.18888888888888888
2 0.259765625 0.763888888888889 0.08671875000000001 0.25833333333333336
2 0.74609375 0.7930555555555556 0.084375 0.25277777777777777
2 0.87109375 0.8013888888888889 0.084375 0.2555555555555556
4 0.9734375000000001 0.27847222222222223 0.051562500000000004 0.16805555555555557
1 0.501171875 0.7798611111111111 0.08671875000000001 0.25416666666666665
1 0.3796875 0.7722222222222223 0.0859375 0.2555555555555556
4 0.6199218750000001 0.2576388888888889 0.08359375000000001 0.1625
4 0.7421875 0.2638888888888889 0.08281250000000001 0.16666666666666669
3 0.49765625 0.25 0.084375 0.16944444444444445
4 0.2578125 0.23750000000000002 0.08281250000000001 0.16666666666666669
4 0.8656250000000001 0.27083333333333337 0.08281250000000001 0.16666666666666669
3 0.376953125 0.2423611111111111 0.08203125 0.16805555555555557
