1 0.6890625 0.7305555555555556 0.060937500000000006 0.17500000000000002
2 0.4265625 0.675 0.06406250000000001 0.18055555555555555
2 0.33906250000000004 0.6583333333333333 0.06406250000000001 0.18055555555555555
2 0.5140625 0.6944444444444444 0.060937500000000006 0.18055555555555555
2 0.16757812500000002 0.6236111111111111 0.06171875 0.17222222222222222
2 0.253125 0.6402777777777778 0.0625 0.17777777777777778
1 0.603125 0.7111111111111111 0.060937500000000006 0.18611111111111112
4 0.421875 0.3159722222222222 0.060937500000000006 0.1125
4 0.24765625000000002 0.2847222222222222 0.060937500000000006 0.11388888888888889
4 0.509375 0.33333333333333337 0.060937500000000006 0.11388888888888889
4 0.333984375 0.30347222222222225 0.06328125 0.11527777777777778
4 0.16328125000000002 0.2673611111111111 0.059375000000000004 0.1125
3 0.5964843750000001 0.35000000000000003 0.06484375 0.11944444444444445
3 0.681640625 0.36597222222222225 0.057031250000000006 0.11805555555555557
