1 0.28359375000000003 0.5888888888888889 0.065625 0.19444444444444445
1 0.18984375 0.5819444444444445 0.06406250000000001 0.18888888888888888
2 0.567578125 0.6083333333333334 0.06640625 0.18888888888888888
1 0.096875 0.576388888888889 0.065625 0.18888888888888888
1 0.3765625 0.5951388888888889 0.0671875 0.19583333333333333
1 0.471484375 0.6020833333333333 0.06640625 0.19305555555555556
1 0.66328125 0.6159722222222223 0.065625 0.1902777777777778
4 0.56171875 0.22013888888888888 0.065625 0.12361111111111112
3 0.18515625000000002 0.19583333333333333 0.065625 0.1277777777777778
3 0.466796875 0.21319444444444446 0.06640625 0.12638888888888888
3 0.373046875 0.20694444444444446 0.06484375 0.1277777777777778
3 0.6578125 0.225 0.06875 0.13333333333333333
3 0.09335937500000001 0.19166666666666668 0.06484375 0.13055555555555556
3 0.27968750000000003 0.2013888888888889 0.065625 0.1277777777777778
