2 0.52890625 0.6777777777777778 0.08281250000000001 0.25277777777777777
1 0.040234375 0.5972222222222222 0.08046875 0.24444444444444446
4 0.4 0.14444444444444446 0.0859375 0.16666666666666669
2 0.40664062500000003 0.6590277777777778 0.08828125 0.2569444444444445
1 0.28203125 0.638888888888889 0.08750000000000001 0.25277777777777777
1 0.158984375 0.6173611111111111 0.08671875000000001 0.25416666666666665
4 0.52265625 0.16180555555555556 0.08125 0.16805555555555557
3 0.03828125 0.08680555555555555 0.078125 0.16805555555555557
3 0.27578125000000003 0.125 0.0859375 0.16666666666666669
3 0.153125 0.10486111111111111 0.0859375 0.16805555555555557
