2 0.215234375 0.5854166666666667 0.06484375 0.1763888888888889
2 0.57265625 0.6347222222222223 0.0625 0.17777777777777778
2 0.39140625 0.6111111111111112 0.06406250000000001 0.17500000000000002
2 0.30312500000000003 0.5986111111111111 0.0625 0.17222222222222222
1 0.6625000000000001 0.65 0.060937500000000006 0.18055555555555555
2 0.48281250000000003 0.6236111111111111 0.06406250000000001 0.17777777777777778
1 0.7523437500000001 0.6611111111111111 0.060937500000000006 0.18055555555555555
4 0.476171875 0.2715277777777778 0.06171875 0.10972222222222222
4 0.56640625 0.28194444444444444 0.0625 0.11111111111111112
4 0.3875 0.25972222222222224 0.060937500000000006 0.11111111111111112
4 0.298828125 0.24791666666666667 0.06015625 0.1125
4 0.209765625 0.23680555555555557 0.06015625 0.11527777777777778
3 0.7468750000000001 0.3055555555555556 0.06406250000000001 0.11944444444444445
3 0.65625 0.29305555555555557 0.06406250000000001 0.11666666666666667
