2 0.52578125 0.6090277777777778 0.06875 0.22083333333333335
1 0.026171875 0.58125 0.05390625 0.2125
2 0.42421875000000003 0.5993055555555555 0.07187500000000001 0.21805555555555556
2 0.319921875 0.5951388888888889 0.07265625 0.2152777777777778
3 0.02421875 0.14305555555555557 0.05 0.14166666666666666
2 0.21796875000000002 0.5895833333333333 0.07187500000000001 0.2152777777777778
1 0.11679687500000001 0.5840277777777778 0.07109375 0.2125
4 0.31562500000000004 0.15555555555555556 0.0671875 0.13611111111111113
4 0.5203125000000001 0.16458333333333333 0.0671875 0.14027777777777778
4 0.41875 0.16041666666666668 0.06875 0.1375
4 0.21445312500000002 0.15069444444444444 0.06796875000000001 0.1375
3 0.11406250000000001 0.14652777777777778 0.06875 0.14027777777777778
