2 0.6234375000000001 0.6527777777777778 0.0671875 0.19722222222222224
2 0.815625 0.6597222222222222 0.0671875 0.19444444444444445
2 0.7203125 0.6555555555555556 0.0671875 0.19444444444444445
2 0.244140625 0.6409722222222223 0.06796875000000001 0.1875
2 0.52734375 0.6506944444444445 0.0671875 0.19305555555555556
1 0.3375 0.6451388888888889 0.065625 0.1902777777777778
1 0.43085937500000004 0.65 0.06796875000000001 0.19444444444444445
4 0.52265625 0.2569444444444445 0.065625 0.12222222222222223
4 0.6179687500000001 0.2576388888888889 0.065625 0.12361111111111112
4 0.808203125 0.26180555555555557 0.06484375 0.12638888888888888
4 0.7125 0.25972222222222224 0.06406250000000001 0.125
3 0.42734375 0.2520833333333333 0.0671875 0.12916666666666668
4 0.240234375 0.24791666666666667 0.06328125 0.12361111111111112
3 0.3328125 0.25069444444444444 0.0671875 0.12916666666666668
