2 0.37578125 0.6569444444444444 0.06875 0.19444444444444445
2 0.47265625 0.6659722222222223 0.06875 0.1902777777777778
1 0.08867187500000001 0.6263888888888889 0.06484375 0.18611111111111112
1 0.18320312500000002 0.6361111111111112 0.06640625 0.18611111111111112
1 0.279296875 0.6472222222222223 0.06640625 0.19166666666666668
4 0.369140625 0.275 0.06640625 0.12222222222222223
4 0.46640625 0.2833333333333333 0.065625 0.12222222222222223
3 0.27187500000000003 0.2638888888888889 0.0671875 0.125
3 0.17890625000000002 0.2576388888888889 0.065625 0.12361111111111112
3 0.083203125 0.24791666666666667 0.06640625 0.12361111111111112
