1 0.101953125 0.5881944444444445 0.06484375 0.1875
2 0.5734375 0.6208333333333333 0.0671875 0.19166666666666668
1 0.2890625 0.6013888888888889 0.065625 0.19444444444444445
1 0.195703125 0.5930555555555556 0.06484375 0.18888888888888888
1 0.6687500000000001 0.6291666666666667 0.06406250000000001 0.19166666666666668
1 0.47734375 0.6152777777777778 0.065625 0.19444444444444445
1 0.381640625 0.6083333333333334 0.06640625 0.18888888888888888
4 0.5671875000000001 0.23333333333333334 0.06406250000000001 0.125
3 0.37890625 0.22083333333333335 0.065625 0.13055555555555556
3 0.190234375 0.20902777777777778 0.06484375 0.12916666666666668
3 0.098046875 0.20486111111111113 0.06484375 0.12916666666666668
3 0.472265625 0.22569444444444445 0.06640625 0.12638888888888888
3 0.28515625 0.2152777777777778 0.065625 0.1277777777777778
3 0.66328125 0.23750000000000002 0.06875 0.13333333333333333
