2 0.62265625 0.6506944444444445 0.065625 0.1902777777777778
2 0.815625 0.6597222222222222 0.0671875 0.19444444444444445
2 0.7203125 0.6555555555555556 0.0671875 0.19166666666666668
2 0.24375000000000002 0.6409722222222223 0.0671875 0.1875
2 0.5265625 0.65 0.0671875 0.19166666666666668
1 0.33671875 0.6444444444444445 0.065625 0.19166666666666668
1 0.43085937500000004 0.6493055555555556 0.06796875000000001 0.19305555555555556
4 0.52265625 0.25625000000000003 0.065625 0.12083333333333333
4 0.6175781250000001 0.2576388888888889 0.06484375 0.12361111111111112
4 0.7125 0.25972222222222224 0.06406250000000001 0.125
4 0.808203125 0.26180555555555557 0.06484375 0.12638888888888888
3 0.4265625 0.2520833333333333 0.0671875 0.12916666666666668
4 0.23984375000000002 0.24791666666666667 0.06406250000000001 0.12361111111111112
3 0.3328125 0.25 0.0671875 0.13055555555555556
