1 0.2515625 0.6298611111111111 0.0734375 0.2125
1 0.054296875 0.6069444444444445 0.07265625 0.2111111111111111
1 0.551953125 0.6638888888888889 0.06953125 0.2138888888888889
2 0.45234375000000004 0.6513888888888889 0.07500000000000001 0.2138888888888889
1 0.35078125000000004 0.6409722222222223 0.07187500000000001 0.20972222222222223
1 0.15195312500000002 0.6194444444444445 0.07265625 0.20833333333333334
4 0.44765625000000003 0.22083333333333335 0.06875 0.1388888888888889
3 0.5476562500000001 0.23055555555555557 0.06875 0.14166666666666666
3 0.2484375 0.2 0.06875 0.1388888888888889
3 0.148828125 0.1902777777777778 0.06953125 0.1388888888888889
3 0.34687500000000004 0.20972222222222223 0.0703125 0.14166666666666666
3 0.049218750000000006 0.18125 0.0703125 0.14027777777777778
