1 0.690625 0.7319444444444445 0.0578125 0.18333333333333335
2 0.42734375 0.6763888888888889 0.06406250000000001 0.18055555555555555
2 0.339453125 0.6604166666666667 0.06328125 0.18194444444444446
2 0.515625 0.6958333333333334 0.060937500000000006 0.17777777777777778
2 0.168359375 0.6263888888888889 0.06171875 0.17222222222222222
2 0.25390625 0.6430555555555556 0.0625 0.17777777777777778
1 0.6046875 0.7138888888888889 0.060937500000000006 0.18611111111111112
4 0.42304687500000004 0.31736111111111115 0.06171875 0.11527777777777778
4 0.5105468750000001 0.33472222222222225 0.06171875 0.11388888888888889
4 0.2484375 0.28611111111111115 0.060937500000000006 0.11388888888888889
4 0.33515625000000004 0.3041666666666667 0.0625 0.11666666666666667
4 0.164453125 0.26875 0.06015625 0.1125
3 0.59765625 0.35000000000000003 0.065625 0.11944444444444445
3 0.68359375 0.36736111111111114 0.05625 0.11805555555555557
