1 0.6890625 0.7319444444444445 0.060937500000000006 0.17777777777777778
2 0.4265625 0.6756944444444445 0.06406250000000001 0.18194444444444446
1 0.603125 0.7131944444444445 0.060937500000000006 0.18472222222222223
2 0.5144531250000001 0.6958333333333334 0.06171875 0.17777777777777778
2 0.16757812500000002 0.6256944444444444 0.06171875 0.1736111111111111
2 0.33906250000000004 0.6604166666666667 0.06406250000000001 0.17916666666666667
2 0.253515625 0.6416666666666667 0.06171875 0.17500000000000002
4 0.421875 0.31736111111111115 0.060937500000000006 0.11527777777777778
4 0.24765625000000002 0.28611111111111115 0.059375000000000004 0.11111111111111112
4 0.509375 0.33472222222222225 0.060937500000000006 0.11111111111111112
4 0.333984375 0.30486111111111114 0.06171875 0.11527777777777778
4 0.16367187500000002 0.26805555555555555 0.05859375 0.11111111111111112
3 0.5964843750000001 0.3506944444444445 0.06484375 0.11805555555555557
3 0.6820312500000001 0.3680555555555556 0.05625 0.11666666666666667
