2 0.46640625 0.6770833333333334 0.06875 0.1902777777777778
2 0.37109375 0.6673611111111112 0.06875 0.1902777777777778
1 0.08359375000000001 0.6381944444444445 0.065625 0.18472222222222223
1 0.2734375 0.6583333333333333 0.0671875 0.19166666666666668
1 0.17734375000000002 0.65 0.0671875 0.19166666666666668
4 0.460546875 0.29444444444444445 0.06640625 0.12222222222222223
4 0.36328125 0.2868055555555556 0.065625 0.12361111111111112
3 0.26640625 0.275 0.0671875 0.125
3 0.17265625 0.26875 0.065625 0.12638888888888888
3 0.0765625 0.2590277777777778 0.0671875 0.12361111111111112
