2 0.8148437500000001 0.6583333333333333 0.0671875 0.19444444444444445
2 0.62265625 0.6506944444444445 0.065625 0.1902777777777778
2 0.5265625 0.65 0.0671875 0.19166666666666668
2 0.24335937500000002 0.6402777777777778 0.06796875000000001 0.18888888888888888
2 0.7191406250000001 0.6548611111111111 0.06640625 0.19305555555555556
1 0.33671875 0.6430555555555556 0.065625 0.18888888888888888
1 0.43007812500000003 0.6486111111111111 0.06796875000000001 0.19444444444444445
4 0.521875 0.25625000000000003 0.065625 0.12083333333333333
4 0.6171875 0.2576388888888889 0.06406250000000001 0.12361111111111112
4 0.712109375 0.25833333333333336 0.06484375 0.125
4 0.8078125 0.2604166666666667 0.06406250000000001 0.12638888888888888
4 0.23945312500000002 0.24791666666666667 0.06328125 0.12361111111111112
3 0.4265625 0.2513888888888889 0.0671875 0.1277777777777778
3 0.3328125 0.25 0.0671875 0.13055555555555556
