2 0.215625 0.5861111111111111 0.06406250000000001 0.17500000000000002
2 0.57265625 0.6347222222222223 0.0625 0.17777777777777778
2 0.39179687500000004 0.6104166666666667 0.06484375 0.1763888888888889
2 0.30312500000000003 0.5986111111111111 0.06406250000000001 0.17222222222222222
1 0.6625000000000001 0.6493055555555556 0.060937500000000006 0.17916666666666667
2 0.482421875 0.6229166666666667 0.06328125 0.1763888888888889
1 0.7523437500000001 0.6611111111111111 0.060937500000000006 0.18055555555555555
4 0.4765625 0.2715277777777778 0.060937500000000006 0.10972222222222222
4 0.56640625 0.28194444444444444 0.0625 0.11111111111111112
4 0.3875 0.25972222222222224 0.060937500000000006 0.11111111111111112
4 0.298828125 0.24791666666666667 0.06015625 0.1125
4 0.209765625 0.23680555555555557 0.06015625 0.11527777777777778
3 0.7468750000000001 0.3055555555555556 0.06406250000000001 0.11944444444444445
3 0.65625 0.29375 0.06406250000000001 0.11805555555555557
